0,0.0082017,0.0033144,-0.0030749,-0.0002158,0.0013553
0.0027778,0.0081256,0.0029992,-0.0025465,-0.00042748,0.0013746
0.0055556,0.0080504,0.0026841,-0.0020183,-0.00063918,0.001394
0.0083333,0.0079762,0.0023692,-0.0014902,-0.00085092,0.0014134
0.011111,0.0079029,0.0020544,-0.0009622,-0.0010627,0.001433
0.013889,0.0078305,0.0017398,-0.00043425,-0.0012746,0.0014527
0.016667,0.0077589,0.0014252,9.3674e-05,-0.0014865,0.0014725
0.019444,0.0076883,0.0011107,0.00062161,-0.0016985,0.0014923
0.022222,0.0076184,0.00079633,0.0011496,-0.0019106,0.0015123
0.025,0.0075494,0.00048197,0.0016776,-0.0021228,0.0015324
0.027778,0.0074813,0.00016763,0.0022057,-0.0023352,0.0015526
0.030556,0.0074139,-0.0001467,0.002734,-0.0025476,0.0015729
0.033333,0.0073473,-0.00046103,0.0032624,-0.0027603,0.0015934
0.036111,0.0072815,-0.00077539,0.003791,-0.0029731,0.0016139
0.038889,0.0072164,-0.0010898,0.0043198,-0.003186,0.0016346
0.041667,0.0071521,-0.0014043,0.0048489,-0.0033992,0.0016553
0.044444,0.0070885,-0.0017188,0.0053783,-0.0036125,0.0016762
0.047222,0.0070256,-0.0020335,0.005908,-0.0038261,0.0016973
0.05,0.0069634,-0.0023482,0.006438,-0.0040398,0.0017184
0.052778,0.0069019,-0.0026632,0.0069684,-0.0042539,0.0017397
0.055556,0.0068411,-0.0029782,0.0074992,-0.0044681,0.0017611
0.058333,0.006781,-0.0032934,0.0080304,-0.0046826,0.0017826
0.061111,0.0067214,-0.0036089,0.0085621,-0.0048974,0.0018043
0.063889,0.0066626,-0.0039245,0.0090943,-0.0051125,0.0018261
0.066667,0.0066043,-0.0042404,0.009627,-0.0053279,0.0018481
0.069444,0.0065467,-0.0045565,0.01016,-0.0055436,0.0018702
0.072222,0.0064897,-0.0048728,0.010694,-0.0057597,0.0018925
0.075,0.0064333,-0.0051895,0.011229,-0.005976,0.0019149
0.077778,0.0063774,-0.0055065,0.011764,-0.0061928,0.0019374
0.080556,0.0063221,-0.0058237,0.0123,-0.0064098,0.0019601
0.083333,0.0062674,-0.0061414,0.012836,-0.0066273,0.001983
0.086111,0.0062133,-0.0064593,0.013374,-0.0068452,0.002006
0.088889,0.0061597,-0.0067777,0.013912,-0.0070635,0.0020292
0.091667,0.0061066,-0.0070965,0.014451,-0.0072822,0.0020525
0.094444,0.0060541,-0.0074156,0.014991,-0.0075013,0.0020761
0.097222,0.006002,-0.0077352,0.015531,-0.0077209,0.0020998
0.1,0.0059505,-0.0080553,0.016073,-0.0079409,0.0021236
0.10278,0.0058995,-0.0083758,0.016615,-0.0081615,0.0021477
0.10556,0.005849,-0.0086969,0.017159,-0.0083825,0.0021719
0.10833,0.0057989,-0.0090184,0.017704,-0.008604,0.0021963
0.11111,0.0057494,-0.0093405,0.018249,-0.008826,0.0022209
0.11389,0.0057003,-0.0096631,0.018796,-0.0090486,0.0022457
0.11667,0.0056516,-0.0099863,0.019344,-0.0092718,0.0022707
0.11944,0.0056034,-0.01031,0.019893,-0.0094955,0.0022959
0.12222,0.0055557,-0.010635,0.020443,-0.0097198,0.0023213
0.125,0.0055084,-0.01096,0.020995,-0.0099446,0.002347
0.12778,0.0054615,-0.011285,0.021547,-0.01017,0.0023728
0.13056,0.0054151,-0.011612,0.022101,-0.010396,0.0023988
0.13333,0.005369,-0.011939,0.022657,-0.010623,0.0024251
0.13611,0.0053234,-0.012267,0.023213,-0.01085,0.0024516
0.13889,0.0052782,-0.012595,0.023772,-0.011079,0.0024783
0.14167,0.0052334,-0.012924,0.024331,-0.011307,0.0025052
0.14444,0.0051889,-0.013255,0.024892,-0.011537,0.0025324
0.14722,0.0051449,-0.013585,0.025455,-0.011767,0.0025599
0.15,0.0051012,-0.013917,0.026019,-0.011998,0.0025875
0.15278,0.0050579,-0.01425,0.026585,-0.01223,0.0026155
0.15556,0.005015,-0.014583,0.027153,-0.012462,0.0026437
0.15833,0.0049725,-0.014917,0.027722,-0.012696,0.0026721
0.16111,0.0049303,-0.015253,0.028293,-0.01293,0.0027008
0.16389,0.0048884,-0.015589,0.028866,-0.013165,0.0027298
0.16667,0.0048469,-0.015926,0.02944,-0.0134,0.0027591
0.16944,0.0048058,-0.016264,0.030016,-0.013637,0.0027887
0.17222,0.0047649,-0.016603,0.030595,-0.013875,0.0028185
0.175,0.0047244,-0.016944,0.031175,-0.014113,0.0028487
0.17778,0.0046843,-0.017285,0.031757,-0.014352,0.0028791
0.18056,0.0046444,-0.017627,0.032341,-0.014593,0.0029099
0.18333,0.0046049,-0.017971,0.032928,-0.014834,0.002941
0.18611,0.0045657,-0.018315,0.033516,-0.015076,0.0029724
0.18889,0.0045268,-0.018661,0.034107,-0.015319,0.0030041
0.19167,0.0044882,-0.019008,0.0347,-0.015564,0.0030362
0.19444,0.0044499,-0.019356,0.035295,-0.015809,0.0030686
0.19722,0.0044119,-0.019706,0.035892,-0.016055,0.0031013
0.2,0.0043742,-0.020056,0.036492,-0.016303,0.0031344
0.20278,0.0043368,-0.020408,0.037094,-0.016551,0.0031679
0.20556,0.0042996,-0.020762,0.037698,-0.016801,0.0032018
0.20833,0.0042628,-0.021116,0.038306,-0.017052,0.003236
0.21111,0.0042262,-0.021472,0.038915,-0.017304,0.0032706
0.21389,0.0041899,-0.02183,0.039527,-0.017557,0.0033056
0.21667,0.0041538,-0.022189,0.040142,-0.017811,0.0033411
0.21944,0.004118,-0.022549,0.04076,-0.018067,0.0033769
0.22222,0.0040825,-0.022911,0.04138,-0.018324,0.0034132
0.225,0.0040473,-0.023274,0.042004,-0.018582,0.0034499
0.22778,0.0040122,-0.023639,0.04263,-0.018842,0.0034871
0.23056,0.0039775,-0.024006,0.043259,-0.019103,0.0035247
0.23333,0.003943,-0.024374,0.043891,-0.019365,0.0035627
0.23611,0.0039087,-0.024743,0.044526,-0.019628,0.0036013
0.23889,0.0038747,-0.025115,0.045164,-0.019893,0.0036403
0.24167,0.0038409,-0.025488,0.045805,-0.02016,0.0036799
0.24444,0.0038074,-0.025863,0.04645,-0.020428,0.0037199
0.24722,0.003774,-0.02624,0.047098,-0.020697,0.0037605
0.25,0.003741,-0.026618,0.047749,-0.020968,0.0038016
0.25278,0.0037081,-0.026999,0.048403,-0.021241,0.0038433
0.25556,0.0036755,-0.027381,0.049061,-0.021515,0.0038855
0.25833,0.003643,-0.027765,0.049723,-0.021791,0.0039283
0.26111,0.0036108,-0.028152,0.050388,-0.022068,0.0039717
0.26389,0.0035789,-0.02854,0.051057,-0.022347,0.0040156
0.26667,0.0035471,-0.02893,0.05173,-0.022628,0.0040603
0.26944,0.0035155,-0.029322,0.052406,-0.022911,0.0041055
0.27222,0.0034842,-0.029717,0.053087,-0.023195,0.0041514
0.275,0.003453,-0.030113,0.053771,-0.023481,0.0041979
0.27778,0.0034221,-0.030512,0.05446,-0.023769,0.0042452
0.28056,0.0033914,-0.030913,0.055152,-0.024059,0.0042931
0.28333,0.0033608,-0.031317,0.055849,-0.02435,0.0043418
0.28611,0.0033305,-0.031722,0.05655,-0.024644,0.0043912
0.28889,0.0033003,-0.03213,0.057255,-0.02494,0.0044414
0.29167,0.0032704,-0.032541,0.057965,-0.025237,0.0044923
0.29444,0.0032406,-0.032954,0.05868,-0.025537,0.0045441
0.29722,0.003211,-0.033369,0.059399,-0.025839,0.0045966
0.3,0.0031817,-0.033787,0.060122,-0.026143,0.00465
0.30278,0.0031525,-0.034208,0.060851,-0.026449,0.0047043
0.30556,0.0031234,-0.034631,0.061584,-0.026758,0.0047595
0.30833,0.0030946,-0.035057,0.062322,-0.027068,0.0048156
0.31111,0.0030659,-0.035486,0.063065,-0.027381,0.0048726
0.31389,0.0030374,-0.035917,0.063814,-0.027696,0.0049306
0.31667,0.0030091,-0.036351,0.064568,-0.028014,0.0049896
0.31944,0.002981,-0.036789,0.065327,-0.028334,0.0050496
0.32222,0.002953,-0.037229,0.066091,-0.028657,0.0051107
0.325,0.0029252,-0.037672,0.066861,-0.028982,0.0051728
0.32778,0.0028976,-0.038118,0.067637,-0.02931,0.0052361
0.33056,0.0028701,-0.038568,0.068419,-0.02964,0.0053005
0.33333,0.0028428,-0.039021,0.069206,-0.029973,0.0053661
0.33611,0.0028157,-0.039476,0.069999,-0.030309,0.005433
0.33889,0.0027888,-0.039936,0.070799,-0.030648,0.0055011
0.34167,0.0027619,-0.040398,0.071605,-0.030989,0.0055705
0.34444,0.0027353,-0.040864,0.072417,-0.031333,0.0056412
0.34722,0.0027088,-0.041334,0.073235,-0.031681,0.0057134
0.35,0.0026825,-0.041807,0.07406,-0.032031,0.0057869
0.35278,0.0026563,-0.042284,0.074892,-0.032384,0.0058619
0.35556,0.0026303,-0.042764,0.075731,-0.032741,0.0059385
0.35833,0.0026044,-0.043249,0.076576,-0.033101,0.0060166
0.36111,0.0025787,-0.043737,0.077429,-0.033463,0.0060964
0.36389,0.0025532,-0.044229,0.078289,-0.03383,0.0061778
0.36667,0.0025277,-0.044725,0.079157,-0.0342,0.006261
0.36944,0.0025025,-0.045225,0.080032,-0.034573,0.006346
0.37222,0.0024774,-0.04573,0.080914,-0.034949,0.0064328
0.375,0.0024524,-0.046238,0.081805,-0.03533,0.0065215
0.37778,0.0024276,-0.046751,0.082704,-0.035714,0.0066123
0.38056,0.0024029,-0.047269,0.08361,-0.036102,0.0067051
0.38333,0.0023784,-0.047791,0.084525,-0.036493,0.0068001
0.38611,0.002354,-0.048317,0.085449,-0.036889,0.0068972
0.38889,0.0023298,-0.048848,0.086381,-0.037288,0.0069967
0.39167,0.0023057,-0.049384,0.087322,-0.037692,0.0070986
0.39444,0.0022817,-0.049925,0.088273,-0.0381,0.0072029
0.39722,0.0022579,-0.050471,0.089232,-0.038512,0.0073099
0.4,0.0022342,-0.051022,0.090201,-0.038928,0.0074195
0.40278,0.0022107,-0.051578,0.091179,-0.039349,0.0075318
0.40556,0.0021873,-0.05214,0.092167,-0.039775,0.0076471
0.40833,0.002164,-0.052706,0.093166,-0.040205,0.0077654
0.41111,0.0021409,-0.053279,0.094174,-0.040639,0.0078868
0.41389,0.0021179,-0.053857,0.095193,-0.041079,0.0080115
0.41667,0.0020951,-0.05444,0.096223,-0.041524,0.0081396
0.41944,0.0020724,-0.05503,0.097263,-0.041973,0.0082713
0.42222,0.0020498,-0.055625,0.098315,-0.042428,0.0084066
0.425,0.0020274,-0.056227,0.099378,-0.042888,0.0085458
0.42778,0.0020051,-0.056835,0.10045,-0.043354,0.008689
0.43056,0.0019829,-0.057449,0.10154,-0.043825,0.0088365
0.43333,0.0019609,-0.05807,0.10264,-0.044302,0.0089883
0.43611,0.001939,-0.058697,0.10375,-0.044784,0.0091448
0.43889,0.0019173,-0.059331,0.10487,-0.045273,0.0093061
0.44167,0.0018957,-0.059972,0.10601,-0.045767,0.0094724
0.44444,0.0018742,-0.060621,0.10716,-0.046268,0.0096441
0.44722,0.0018528,-0.061276,0.10832,-0.046775,0.0098213
0.45,0.0018316,-0.061939,0.1095,-0.047289,0.010004
0.45278,0.0018105,-0.062609,0.11069,-0.047809,0.010193
0.45556,0.0017896,-0.063288,0.1119,-0.048336,0.010389
0.45833,0.0017688,-0.063974,0.11312,-0.04887,0.010592
0.46111,0.0017481,-0.064668,0.11435,-0.049411,0.010801
0.46389,0.0017276,-0.06537,0.11561,-0.04996,0.011018
0.46667,0.0017072,-0.066081,0.11687,-0.050516,0.011243
0.46944,0.0016869,-0.066801,0.11816,-0.05108,0.011477
0.47222,0.0016668,-0.067529,0.11946,-0.051652,0.011719
0.475,0.0016468,-0.068267,0.12078,-0.052231,0.01197
0.47778,0.001627,-0.069014,0.12211,-0.052819,0.012232
0.48056,0.0016073,-0.06977,0.12346,-0.053416,0.012504
0.48333,0.0015877,-0.070536,0.12484,-0.054022,0.012787
0.48611,0.0015683,-0.071312,0.12623,-0.054636,0.013082
0.48889,0.001549,-0.072098,0.12764,-0.055259,0.01339
0.49167,0.0015298,-0.072895,0.12907,-0.055892,0.013711
0.49444,0.0015108,-0.073702,0.13052,-0.056535,0.014046
0.49722,0.001492,-0.074521,0.13199,-0.057188,0.014397
0.5,0.0014732,-0.07535,0.13348,-0.057851,0.014764
0.50278,0.0014547,-0.076192,0.13499,-0.058524,0.015148
0.50556,0.0014363,-0.077045,0.13653,-0.059209,0.015551
0.50833,0.001418,-0.07791,0.13809,-0.059904,0.015973
0.51111,0.0013998,-0.078787,0.13967,-0.060611,0.016418
0.51389,0.0013819,-0.079677,0.14128,-0.061329,0.016885
0.51667,0.001364,-0.080581,0.14291,-0.06206,0.017377
0.51944,0.0013464,-0.081497,0.14457,-0.062803,0.017897
0.52222,0.0013288,-0.082428,0.14625,-0.063559,0.018445
0.525,0.0013115,-0.083373,0.14797,-0.064328,0.019024
0.52778,0.0012943,-0.084332,0.1497,-0.06511,0.019638
0.53056,0.0012772,-0.085306,0.15147,-0.065907,0.020289
0.53333,0.0012603,-0.086295,0.15327,-0.066718,0.02098
0.53611,0.0012436,-0.0873,0.1551,-0.067544,0.021716
0.53889,0.001227,-0.088322,0.15696,-0.068385,0.0225
0.54167,0.0012106,-0.089359,0.15885,-0.069242,0.023337
0.54444,0.0011944,-0.090414,0.16077,-0.070115,0.024232
0.54722,0.0011783,-0.091487,0.16273,-0.071005,0.025191
0.55,0.0011624,-0.092578,0.16472,-0.071912,0.026221
0.55278,0.0011467,-0.093687,0.16675,-0.072837,0.027331
0.55556,0.0011311,-0.094815,0.16882,-0.073781,0.028527
0.55833,0.0011158,-0.095964,0.17093,-0.074744,0.029821
0.56111,0.0011006,-0.097132,0.17307,-0.075726,0.031224
0.56389,0.0010856,-0.098321,0.17526,-0.076729,0.03275
0.56667,0.0010708,-0.099532,0.17748,-0.077753,0.034414
0.56944,0.0010562,-0.10077,0.17976,-0.078799,0.036234
0.57222,0.0010417,-0.10202,0.18207,-0.079867,0.038231
0.575,0.0010275,-0.1033,0.18443,-0.080959,0.04043
0.57778,0.0010135,-0.1046,0.18684,-0.082074,0.04286
0.58056,0.00099963,-0.10593,0.1893,-0.083215,0.045555
0.58333,0.00098601,-0.10729,0.19182,-0.084382,0.048558
0.58611,0.00097259,-0.10867,0.19438,-0.085576,0.051916
0.58889,0.00095939,-0.11008,0.197,-0.086798,0.055689
0.59167,0.0009464,-0.11152,0.19967,-0.088049,0.059948
0.59444,0.00093364,-0.11298,0.20241,-0.08933,0.064779
0.59722,0.0009211,-0.11448,0.2052,-0.090643,0.070284
0.6,0.00090879,-0.11601,0.20806,-0.091987,0.076588
0.60278,0.00089671,-0.11757,0.21099,-0.093366,0.083841
0.60556,0.00088487,-0.11917,0.21398,-0.09478,0.092219
0.60833,0.00087327,-0.1208,0.21704,-0.096231,0.10193
0.61111,0.00086193,-0.12247,0.22018,-0.09772,0.1132
0.61389,0.00085083,-0.12417,0.22339,-0.099248,0.12628
0.61667,0.00084,-0.12592,0.22668,-0.10082,0.14136
0.61944,0.00082942,-0.1277,0.23005,-0.10243,0.15853
0.62222,0.00081912,-0.12953,0.2335,-0.10409,0.17762
0.625,0.00080909,-0.1314,0.23705,-0.1058,0.19792
0.62778,0.00079934,-0.13331,0.24069,-0.10755,0.2179
0.63056,0.00078988,-0.13527,0.24442,-0.10936,0.23489
0.63333,0.00078072,-0.13728,0.24826,-0.11122,0.24527
0.63611,0.00077185,-0.13934,0.25219,-0.11313,0.2455
0.63889,0.0007633,-0.14145,0.25624,-0.11511,0.23383
0.64167,0.00075505,-0.14362,0.2604,-0.11715,0.21164
0.64444,0.00074713,-0.14585,0.26468,-0.11925,0.18294
0.64722,0.00073954,-0.14813,0.26909,-0.12142,0.1524
0.65,0.00073229,-0.15048,0.27362,-0.12367,0.12361
0.65278,0.00072538,-0.15289,0.2783,-0.12598,0.098454
0.65556,0.00071883,-0.15537,0.28311,-0.12838,0.077496
0.65833,0.00071264,-0.15792,0.28807,-0.13086,0.060509
0.66111,0.00070682,-0.16054,0.29319,-0.13343,0.04694
0.66389,0.00070139,-0.16324,0.29848,-0.1361,0.036171
0.66667,0.00069635,-0.16602,0.30393,-0.13886,0.027635
0.66944,0.00069171,-0.16889,0.30957,-0.14172,0.020856
0.67222,0.00068748,-0.17184,0.3154,-0.1447,0.015455
0.675,0.00068367,-0.17489,0.32143,-0.14779,0.011131
0.67778,0.0006803,-0.17803,0.32767,-0.15101,0.0076554
0.68056,0.00067738,-0.18128,0.33414,-0.15435,0.0048475
0.68333,0.00067491,-0.18463,0.34084,-0.15784,0.0025695
0.68611,0.00067291,-0.1881,0.3478,-0.16147,0.00071403
0.68889,0.0006714,-0.19169,0.35501,-0.16527,-0.00080234
0.69167,0.00067038,-0.1954,0.36251,-0.16923,-0.0020451
0.69444,0.00066988,-0.19924,0.3703,-0.17337,-0.0030657
0.69722,0.0006699,-0.20322,0.37841,-0.1777,-0.003905
0.7,0.00067046,-0.20735,0.38685,-0.18224,-0.0045957
0.70278,0.00067158,-0.21163,0.39565,-0.187,-0.0051638
0.70556,0.00067327,-0.21608,0.40482,-0.192,-0.0056304
0.70833,0.00067555,-0.2207,0.4144,-0.19725,-0.0060126
0.71111,0.00067843,-0.22551,0.42441,-0.20278,-0.0063244
0.71389,0.00068194,-0.23051,0.43489,-0.20861,-0.0065772
0.71667,0.00068609,-0.23572,0.44585,-0.21475,-0.0067804
0.71944,0.00069091,-0.24115,0.45735,-0.22124,-0.0069418
0.72222,0.0006964,-0.24682,0.46941,-0.22811,-0.0070678
0.725,0.0007026,-0.25274,0.48209,-0.23539,-0.007164
0.72778,0.00070952,-0.25893,0.49542,-0.24312,-0.0072348
0.73056,0.00071719,-0.26541,0.50947,-0.25133,-0.007284
0.73333,0.00072563,-0.27219,0.52429,-0.26007,-0.0073148
0.73611,0.00073487,-0.27931,0.53994,-0.26939,-0.00733
0.73889,0.00074492,-0.28677,0.55649,-0.27935,-0.0073319
0.74167,0.00075582,-0.29462,0.57404,-0.29,-0.0073224
0.74444,0.0007676,-0.30288,0.59265,-0.30143,-0.0073032
0.74722,0.00078027,-0.31158,0.61245,-0.31371,-0.0072758
0.75,0.00079388,-0.32075,0.63352,-0.32693,-0.0072413
0.75278,0.00080845,-0.33045,0.65601,-0.34118,-0.0072009
0.75556,0.00082401,-0.3407,0.68006,-0.35657,-0.0071555
0.75833,0.00084059,-0.35157,0.70582,-0.37323,-0.0071057
0.76111,0.00085824,-0.36309,0.73348,-0.39128,-0.0070524
0.76389,0.00087698,-0.37534,0.76326,-0.41087,-0.0069961
0.76667,0.00089686,-0.38838,0.79538,-0.43213,-0.0069373
0.76944,0.00091791,-0.40229,0.83013,-0.45521,-0.0068764
0.77222,0.00094017,-0.41714,0.86782,-0.48022,-0.0068138
0.775,0.00096369,-0.43303,0.90882,-0.50724,-0.0067499
0.77778,0.00098851,-0.45006,0.95355,-0.53624,-0.006685
0.78056,0.0010147,-0.46837,1.0025,-0.56704,-0.0066192
0.78333,0.0010422,-0.48807,1.0563,-0.59912,-0.0065529
0.78611,0.0010712,-0.50931,1.1155,-0.63149,-0.0064862
0.78889,0.0011017,-0.53227,1.1809,-0.66229,-0.0064192
0.79167,0.0011338,-0.55712,1.2534,-0.68835,-0.0063521
0.79444,0.0011674,-0.58408,1.3341,-0.70455,-0.0062851
0.79722,0.0012027,-0.61337,1.4241,-0.70318,-0.0062182
0.8,0.0012398,-0.64524,1.5245,-0.67394,-0.0061516
0.80278,0.0012786,-0.67993,1.6368,-0.60548,-0.0060853
0.80556,0.0013193,-0.71772,1.7621,-0.48996,-0.0060193
0.80833,0.0013619,-0.75883,1.9011,-0.32983,-0.0059538
0.81111,0.0014065,-0.80345,2.0535,-0.14233,-0.0058888
0.81389,0.0014532,-0.85163,2.2168,0.045086,-0.0058243
0.81667,0.0015021,-0.9032,2.3842,0.20687,-0.0057603
0.81944,0.0015532,-0.95756,2.5413,0.32934,-0.005697
0.82222,0.0016066,-1.0135,2.6616,0.41154,-0.0056343
0.825,0.0016624,-1.0685,2.7026,0.46009,-0.0055722
0.82778,0.0017208,-1.1185,2.6078,0.48375,-0.0055108
0.83056,0.0017818,-1.157,2.3262,0.49046,-0.0054501
0.83333,0.0018456,-1.1741,1.8495,0.48629,-0.0053901
0.83611,0.0019121,-1.1569,1.2411,0.4755,-0.0053307
0.83889,0.0019816,-1.0912,0.61442,0.46095,-0.0052721
0.84167,0.0020543,-0.96605,0.070619,0.44448,-0.0052141
0.84444,0.0021301,-0.78081,-0.34291,0.42726,-0.0051568
0.84722,0.0022092,-0.55049,-0.62745,0.41001,-0.0051003
0.85,0.0022919,-0.30318,-0.80781,0.39315,-0.0050444
0.85278,0.0023782,-0.069579,-0.91278,0.37694,-0.0049892
0.85556,0.0024682,0.12825,-0.9665,0.36151,-0.0049348
0.85833,0.0025623,0.28125,-0.98671,0.3469,-0.004881
0.86111,0.0026604,0.3909,-0.9856,0.33312,-0.0048279
0.86389,0.0027629,0.46414,-0.97128,0.32016,-0.0047754
0.86667,0.0028699,0.50934,-0.94905,0.30799,-0.0047236
0.86944,0.0029816,0.53411,-0.92236,0.29656,-0.0046725
0.87222,0.0030983,0.54457,-0.89341,0.28583,-0.004622
0.875,0.0032201,0.54527,-0.86363,0.27574,-0.0045722
0.87778,0.0033472,0.53949,-0.8339,0.26626,-0.004523
0.88056,0.0034801,0.52953,-0.80477,0.25734,-0.0044744
0.88333,0.0036188,0.51698,-0.77658,0.24893,-0.0044264
0.88611,0.0037637,0.50295,-0.74952,0.24101,-0.0043791
0.88889,0.0039151,0.48816,-0.72367,0.23352,-0.0043323
0.89167,0.0040734,0.47311,-0.69906,0.22645,-0.0042861
0.89444,0.0042387,0.45813,-0.67568,0.21976,-0.0042405
0.89722,0.0044115,0.44345,-0.65351,0.21342,-0.0041955
0.9,0.0045922,0.42918,-0.63249,0.20741,-0.004151
0.90278,0.0047812,0.41542,-0.61257,0.2017,-0.0041071
0.90556,0.0049788,0.40221,-0.59368,0.19627,-0.0040637
0.90833,0.0051856,0.38956,-0.57577,0.19111,-0.0040208
0.91111,0.0054019,0.37749,-0.55878,0.18619,-0.0039784
0.91389,0.0056284,0.36597,-0.54265,0.1815,-0.0039366
0.91667,0.0058655,0.35499,-0.52733,0.17702,-0.0038953
0.91944,0.0061137,0.34454,-0.51276,0.17274,-0.0038544
0.92222,0.0063738,0.33458,-0.4989,0.16865,-0.003814
0.925,0.0066463,0.3251,-0.48569,0.16474,-0.0037742
0.92778,0.006932,0.31606,-0.47311,0.16098,-0.0037347
0.93056,0.0072315,0.30745,-0.4611,0.15738,-0.0036958
0.93333,0.0075457,0.29924,-0.44963,0.15393,-0.0036572
0.93611,0.0078754,0.2914,-0.43867,0.15061,-0.0036192
0.93889,0.0082215,0.28392,-0.42819,0.14742,-0.0035815
0.94167,0.0085849,0.27677,-0.41816,0.14436,-0.0035443
0.94444,0.0089666,0.26993,-0.40854,0.1414,-0.0035075
0.94722,0.0093678,0.26339,-0.39932,0.13856,-0.0034711
0.95,0.0097896,0.25713,-0.39047,0.13581,-0.0034351
0.95278,0.010233,0.25113,-0.38197,0.13317,-0.0033995
0.95556,0.0107,0.24538,-0.37381,0.13061,-0.0033643
0.95833,0.011192,0.23985,-0.36595,0.12815,-0.0033295
0.96111,0.01171,0.23455,-0.35839,0.12576,-0.003295
0.96389,0.012256,0.22946,-0.35111,0.12345,-0.0032609
0.96667,0.012831,0.22456,-0.34409,0.12122,-0.0032272
0.96944,0.013438,0.21984,-0.33732,0.11906,-0.0031938
0.97222,0.014079,0.2153,-0.33078,0.11697,-0.0031607
0.975,0.014757,0.21093,-0.32447,0.11494,-0.003128
0.97778,0.015472,0.20671,-0.31837,0.11297,-0.0030956
0.98056,0.016229,0.20264,-0.31248,0.11106,-0.0030636
0.98333,0.01703,0.19871,-0.30678,0.10921,-0.0030319
0.98611,0.017878,0.19492,-0.30126,0.10741,-0.0030005
0.98889,0.018777,0.19125,-0.29591,0.10566,-0.0029693
0.99167,0.01973,0.18771,-0.29073,0.10396,-0.0029385
0.99444,0.020742,0.18428,-0.28571,0.10231,-0.002908
0.99722,0.021816,0.18096,-0.28084,0.1007,-0.0028778
1,0.022957,0.17774,-0.27611,0.099135,-0.0028479
1.0028,0.024171,0.17462,-0.27152,0.097611,-0.0028183
1.0056,0.025464,0.1716,-0.26706,0.096127,-0.0027889
1.0083,0.02684,0.16867,-0.26273,0.09468,-0.0027598
1.0111,0.028308,0.16583,-0.25851,0.09327,-0.002731
1.0139,0.029875,0.16306,-0.25442,0.091895,-0.0027024
1.0167,0.031548,0.16038,-0.25043,0.090553,-0.0026741
1.0194,0.033337,0.15777,-0.24655,0.089244,-0.002646
1.0222,0.035252,0.15524,-0.24277,0.087966,-0.0026182
1.025,0.037302,0.15277,-0.23909,0.086718,-0.0025906
1.0278,0.0395,0.15037,-0.2355,0.085499,-0.0025633
1.0306,0.04186,0.14804,-0.232,0.084307,-0.0025362
1.0333,0.044394,0.14576,-0.22859,0.083143,-0.0025093
1.0361,0.04712,0.14355,-0.22526,0.082004,-0.0024827
1.0389,0.050054,0.14139,-0.22201,0.080891,-0.0024562
1.0417,0.053215,0.13928,-0.21884,0.079801,-0.00243
1.0444,0.056625,0.13723,-0.21574,0.078735,-0.002404
1.0472,0.060307,0.13522,-0.21272,0.077691,-0.0023782
1.05,0.064286,0.13327,-0.20976,0.076669,-0.0023527
1.0528,0.068591,0.13136,-0.20687,0.075668,-0.0023273
1.0556,0.073253,0.1295,-0.20404,0.074687,-0.0023021
1.0583,0.078306,0.12768,-0.20127,0.073726,-0.0022771
1.0611,0.083787,0.1259,-0.19857,0.072784,-0.0022523
1.0639,0.089737,0.12416,-0.19592,0.07186,-0.0022277
1.0667,0.0962,0.12246,-0.19333,0.070954,-0.0022033
1.0694,0.10322,0.12079,-0.19079,0.070066,-0.0021791
1.0722,0.11086,0.11917,-0.1883,0.069194,-0.002155
1.075,0.11916,0.11757,-0.18587,0.068338,-0.0021312
1.0778,0.12818,0.11601,-0.18348,0.067498,-0.0021075
1.0806,0.13799,0.11449,-0.18114,0.066674,-0.0020839
1.0833,0.14863,0.11299,-0.17884,0.065864,-0.0020606
1.0861,0.16017,0.11153,-0.17659,0.065068,-0.0020373
1.0889,0.17265,0.11009,-0.17438,0.064287,-0.0020143
1.0917,0.18611,0.10868,-0.17222,0.063519,-0.0019914
1.0944,0.20059,0.1073,-0.17009,0.062764,-0.0019687
1.0972,0.21609,0.10595,-0.168,0.062021,-0.0019461
1.1,0.23257,0.10462,-0.16595,0.061292,-0.0019237
1.1028,0.24998,0.10332,-0.16394,0.060574,-0.0019014
1.1056,0.2682,0.10204,-0.16196,0.059868,-0.0018792
1.1083,0.28705,0.10079,-0.16002,0.059173,-0.0018572
1.1111,0.30627,0.099555,-0.15811,0.05849,-0.0018354
1.1139,0.32554,0.098345,-0.15623,0.057817,-0.0018137
1.1167,0.34446,0.097157,-0.15438,0.057155,-0.0017921
1.1194,0.36254,0.095989,-0.15257,0.056503,-0.0017706
1.1222,0.37924,0.094842,-0.15079,0.055861,-0.0017493
1.125,0.39403,0.093714,-0.14903,0.055228,-0.0017281
1.1278,0.40636,0.092605,-0.1473,0.054605,-0.001707
1.1306,0.41577,0.091515,-0.1456,0.053992,-0.0016861
1.1333,0.4219,0.090443,-0.14393,0.053387,-0.0016653
1.1361,0.42456,0.089389,-0.14228,0.052791,-0.0016445
1.1389,0.4237,0.088351,-0.14066,0.052203,-0.001624
1.1417,0.41948,0.08733,-0.13906,0.051624,-0.0016035
1.1444,0.41216,0.086326,-0.13749,0.051053,-0.0015831
1.1472,0.40217,0.085337,-0.13594,0.050489,-0.0015629
1.15,0.38996,0.084363,-0.13441,0.049934,-0.0015427
1.1528,0.37605,0.083404,-0.13291,0.049386,-0.0015227
1.1556,0.36093,0.08246,-0.13143,0.048845,-0.0015027
1.1583,0.34504,0.081529,-0.12996,0.048311,-0.0014829
1.1611,0.32878,0.080613,-0.12852,0.047784,-0.0014632
1.1639,0.31248,0.07971,-0.1271,0.047265,-0.0014436
1.1667,0.29641,0.07882,-0.1257,0.046751,-0.001424
1.1694,0.28077,0.077942,-0.12432,0.046245,-0.0014046
1.1722,0.26569,0.077077,-0.12295,0.045744,-0.0013852
1.175,0.25127,0.076224,-0.12161,0.04525,-0.001366
1.1778,0.23758,0.075383,-0.12028,0.044762,-0.0013468
1.1806,0.22465,0.074554,-0.11897,0.04428,-0.0013278
1.1833,0.21247,0.073735,-0.11768,0.043803,-0.0013088
1.1861,0.20104,0.072928,-0.1164,0.043333,-0.0012899
1.1889,0.19033,0.072131,-0.11514,0.042867,-0.0012711
1.1917,0.18033,0.071345,-0.11389,0.042407,-0.0012523
1.1944,0.17098,0.070569,-0.11266,0.041953,-0.0012337
1.1972,0.16226,0.069803,-0.11145,0.041504,-0.0012151
1.2,0.15413,0.069047,-0.11025,0.041059,-0.0011966
1.2028,0.14654,0.0683,-0.10906,0.04062,-0.0011782
1.2056,0.13946,0.067562,-0.10789,0.040185,-0.0011599
1.2083,0.13285,0.066834,-0.10673,0.039756,-0.0011416
1.2111,0.12668,0.066114,-0.10559,0.03933,-0.0011234
1.2139,0.12091,0.065403,-0.10446,0.03891,-0.0011053
1.2167,0.11552,0.0647,-0.10334,0.038494,-0.0010872
1.2194,0.11048,0.064006,-0.10223,0.038082,-0.0010692
1.2222,0.10575,0.06332,-0.10114,0.037674,-0.0010513
1.225,0.10132,0.062642,-0.10005,0.037271,-0.0010335
1.2278,0.097169,0.061971,-0.098985,0.036871,-0.0010157
1.2306,0.093267,0.061308,-0.097926,0.036476,-0.00099793
1.2333,0.0896,0.060653,-0.096879,0.036085,-0.00098026
1.2361,0.086149,0.060004,-0.095843,0.035697,-0.00096265
1.2389,0.082899,0.059363,-0.094817,0.035313,-0.0009451
1.2417,0.079836,0.058729,-0.093803,0.034933,-0.00092761
1.2444,0.076946,0.058101,-0.092798,0.034557,-0.00091017
1.2472,0.074216,0.05748,-0.091804,0.034184,-0.00089279
1.25,0.071636,0.056866,-0.09082,0.033814,-0.00087547
1.2528,0.069194,0.056258,-0.089845,0.033448,-0.00085819
1.2556,0.066882,0.055656,-0.08888,0.033085,-0.00084097
1.2583,0.06469,0.055061,-0.087924,0.032725,-0.00082379
1.2611,0.062611,0.054471,-0.086977,0.032369,-0.00080667
1.2639,0.060637,0.053887,-0.08604,0.032016,-0.00078959
1.2667,0.05876,0.053309,-0.085111,0.031666,-0.00077256
1.2694,0.056976,0.052737,-0.084191,0.031319,-0.00075558
1.2722,0.055277,0.05217,-0.083279,0.030974,-0.00073864
1.275,0.053659,0.051608,-0.082375,0.030633,-0.00072174
1.2778,0.052116,0.051052,-0.08148,0.030295,-0.00070489
1.2806,0.050644,0.050501,-0.080592,0.029959,-0.00068807
1.2833,0.049239,0.049955,-0.079713,0.029626,-0.0006713
1.2861,0.047896,0.049414,-0.07884,0.029296,-0.00065456
1.2889,0.046612,0.048878,-0.077976,0.028968,-0.00063787
1.2917,0.045384,0.048347,-0.077119,0.028643,-0.00062121
1.2944,0.044207,0.04782,-0.076269,0.028321,-0.00060459
1.2972,0.04308,0.047298,-0.075426,0.028001,-0.000588
1.3,0.042,0.04678,-0.07459,0.027683,-0.00057144
1.3028,0.040964,0.046267,-0.07376,0.027368,-0.00055492
1.3056,0.039969,0.045758,-0.072938,0.027055,-0.00053843
1.3083,0.039014,0.045254,-0.072122,0.026745,-0.00052197
1.3111,0.038095,0.044754,-0.071312,0.026436,-0.00050554
1.3139,0.037212,0.044257,-0.070509,0.02613,-0.00048914
1.3167,0.036363,0.043765,-0.069712,0.025826,-0.00047276
1.3194,0.035545,0.043277,-0.068921,0.025525,-0.00045642
1.3222,0.034758,0.042792,-0.068136,0.025225,-0.0004401
1.325,0.033999,0.042312,-0.067356,0.024928,-0.0004238
1.3278,0.033267,0.041835,-0.066583,0.024632,-0.00040753
1.3306,0.032561,0.041362,-0.065815,0.024338,-0.00039128
1.3333,0.03188,0.040892,-0.065052,0.024047,-0.00037505
1.3361,0.031222,0.040426,-0.064295,0.023757,-0.00035884
1.3389,0.030587,0.039963,-0.063543,0.023469,-0.00034266
1.3417,0.029973,0.039504,-0.062797,0.023183,-0.00032649
1.3444,0.029379,0.039048,-0.062056,0.022899,-0.00031034
1.3472,0.028805,0.038595,-0.061319,0.022616,-0.00029421
1.35,0.028249,0.038145,-0.060588,0.022336,-0.00027809
1.3528,0.027711,0.037699,-0.059861,0.022057,-0.00026199
1.3556,0.02719,0.037255,-0.059139,0.02178,-0.00024591
1.3583,0.026685,0.036815,-0.058422,0.021504,-0.00022984
1.3611,0.026195,0.036378,-0.05771,0.02123,-0.00021378
1.3639,0.025721,0.035943,-0.057001,0.020957,-0.00019773
1.3667,0.025261,0.035512,-0.056298,0.020686,-0.00018169
1.3694,0.024814,0.035083,-0.055598,0.020417,-0.00016566
1.3722,0.02438,0.034657,-0.054903,0.020149,-0.00014964
1.375,0.023959,0.034233,-0.054212,0.019883,-0.00013363
1.3778,0.02355,0.033813,-0.053525,0.019618,-0.00011763
1.3806,0.023153,0.033395,-0.052842,0.019354,-0.00010163
1.3833,0.022766,0.032979,-0.052163,0.019092,-8.5643e-05
1.3861,0.022391,0.032566,-0.051488,0.018831,-6.9656e-05
1.3889,0.022025,0.032156,-0.050817,0.018572,-5.3673e-05
1.3917,0.02167,0.031747,-0.05015,0.018314,-3.7692e-05
1.3944,0.021323,0.031342,-0.049486,0.018057,-2.1713e-05
1.3972,0.020986,0.030938,-0.048825,0.017801,-5.7352e-06
1.4,0.020658,0.030537,-0.048169,0.017547,1.0243e-05
1.4028,0.020339,0.030138,-0.047515,0.017294,2.6222e-05
1.4056,0.020027,0.029741,-0.046865,0.017042,4.2203e-05
1.4083,0.019723,0.029347,-0.046219,0.016791,5.8186e-05
1.4111,0.019427,0.028954,-0.045575,0.016541,7.4174e-05
1.4139,0.019138,0.028564,-0.044935,0.016293,9.0165e-05
1.4167,0.018857,0.028176,-0.044298,0.016045,0.00010616
1.4194,0.018582,0.02779,-0.043664,0.015799,0.00012217
1.4222,0.018313,0.027405,-0.043033,0.015554,0.00013818
1.425,0.018051,0.027023,-0.042406,0.01531,0.0001542
1.4278,0.017796,0.026642,-0.041781,0.015066,0.00017022
1.4306,0.017546,0.026264,-0.041158,0.014824,0.00018626
1.4333,0.017301,0.025887,-0.040539,0.014583,0.00020231
1.4361,0.017063,0.025512,-0.039922,0.014343,0.00021837
1.4389,0.01683,0.025139,-0.039309,0.014103,0.00023444
1.4417,0.016602,0.024767,-0.038697,0.013865,0.00025053
1.4444,0.016379,0.024397,-0.038089,0.013628,0.00026663
1.4472,0.01616,0.024029,-0.037482,0.013391,0.00028275
1.45,0.015947,0.023662,-0.036879,0.013155,0.00029888
1.4528,0.015738,0.023297,-0.036278,0.01292,0.00031503
1.4556,0.015534,0.022934,-0.035679,0.012686,0.0003312
1.4583,0.015333,0.022572,-0.035082,0.012453,0.00034739
1.4611,0.015137,0.022212,-0.034488,0.012221,0.0003636
1.4639,0.014945,0.021853,-0.033896,0.011989,0.00037983
1.4667,0.014757,0.021495,-0.033306,0.011758,0.00039608
1.4694,0.014573,0.021139,-0.032719,0.011528,0.00041235
1.4722,0.014393,0.020784,-0.032133,0.011298,0.00042865
1.475,0.014216,0.020431,-0.03155,0.01107,0.00044497
1.4778,0.014042,0.020079,-0.030968,0.010841,0.00046132
1.4806,0.013872,0.019728,-0.030389,0.010614,0.0004777
1.4833,0.013705,0.019379,-0.029811,0.010387,0.0004941
1.4861,0.013541,0.019031,-0.029235,0.010161,0.00051054
1.4889,0.013381,0.018684,-0.028661,0.0099358,0.000527
1.4917,0.013223,0.018338,-0.028089,0.0097109,0.0005435
1.4944,0.013069,0.017993,-0.027519,0.0094867,0.00056002
1.4972,0.012917,0.01765,-0.026951,0.009263,0.00057658
1.5,0.012768,0.017307,-0.026384,0.0090399,0.00059317
1.5028,0.012622,0.016966,-0.025818,0.0088173,0.0006098
1.5056,0.012478,0.016626,-0.025255,0.0085953,0.00062647
1.5083,0.012337,0.016286,-0.024693,0.0083738,0.00064317
1.5111,0.012198,0.015948,-0.024132,0.0081528,0.00065991
1.5139,0.012062,0.015611,-0.023573,0.0079323,0.00067669
1.5167,0.011928,0.015275,-0.023015,0.0077123,0.00069351
1.5194,0.011796,0.014939,-0.022459,0.0074927,0.00071037
1.5222,0.011667,0.014605,-0.021904,0.0072736,0.00072727
1.525,0.01154,0.014272,-0.021351,0.0070549,0.00074422
1.5278,0.011415,0.013939,-0.020798,0.0068366,0.00076121
1.5306,0.011292,0.013607,-0.020247,0.0066188,0.00077825
1.5333,0.011171,0.013276,-0.019698,0.0064013,0.00079533
1.5361,0.011052,0.012946,-0.019149,0.0061843,0.00081247
1.5389,0.010935,0.012617,-0.018602,0.0059675,0.00082965
1.5417,0.010819,0.012288,-0.018055,0.0057512,0.00084688
1.5444,0.010706,0.01196,-0.01751,0.0055352,0.00086417
1.5472,0.010594,0.011633,-0.016966,0.0053195,0.00088151
1.55,0.010485,0.011307,-0.016423,0.0051041,0.0008989
1.5528,0.010376,0.010981,-0.01588,0.004889,0.00091635
1.5556,0.01027,0.010656,-0.015339,0.0046742,0.00093385
1.5583,0.010165,0.010332,-0.014799,0.0044597,0.00095142
1.5611,0.010062,0.010008,-0.014259,0.0042455,0.00096904
1.5639,0.00996,0.0096845,-0.013721,0.0040315,0.00098672
1.5667,0.0098598,0.0093618,-0.013183,0.0038177,0.0010045
1.5694,0.009761,0.0090397,-0.012646,0.0036042,0.0010223
1.5722,0.0096637,0.0087182,-0.012109,0.0033908,0.0010402
1.575,0.0095678,0.0083971,-0.011574,0.0031777,0.0010581
1.5778,0.0094733,0.0080765,-0.011039,0.0029647,0.0010761
1.5806,0.0093801,0.0077565,-0.010505,0.002752,0.0010942
1.5833,0.0092882,0.0074368,-0.0099709,0.0025393,0.0011123
1.5861,0.0091977,0.0071176,-0.0094378,0.0023269,0.0011305
1.5889,0.0091084,0.0067989,-0.0089053,0.0021145,0.0011488
1.5917,0.0090203,0.0064805,-0.0083733,0.0019023,0.0011672
1.5944,0.0089334,0.0061625,-0.0078418,0.0016902,0.0011856
1.5972,0.0088477,0.0058448,-0.0073107,0.0014782,0.0012042
1.6,0.0087632,0.0055275,-0.0067801,0.0012663,0.0012227
1.6028,0.0086797,0.0052106,-0.0062498,0.0010544,0.0012414
1.6056,0.0085974,0.0048939,-0.0057199,0.00084265,0.0012602
1.6083,0.0085162,0.0045775,-0.0051904,0.00063091,0.001279
1.6111,0.0084361,0.0042614,-0.0046611,0.00041921,0.001298
1.6139,0.0083569,0.0039455,-0.0041321,0.00020753,0.001317
1.6167,0.0082788,0.0036299,-0.0036034,-4.133e-06,0.0013361
